
ans =

   1.7632 - 1.0304i


ans =

 -13.1288 +15.2008i


ans =

   0.9506 +13.4042i

scripts

ans =

   1.7632 - 1.0304i


ans =

 -13.1288 +15.2008i


ans =

   0.9506 +13.4042i

